0.41935483870967744	6.0
0.41935483870967744	11.0
0.41935483870967744	10.0
0.41935483870967744	9.0
0.41935483870967744	5.0
0.41935483870967744	10.0
0.41935483870967744	10.0
0.41935483870967744	7.0
0.41935483870967744	7.0
0.41935483870967744	7.0
0.41935483870967744	12.0
0.41935483870967744	11.0
0.41935483870967744	9.0
0.41935483870967744	7.0
0.41935483870967744	9.0
0.4096774193548387	12.0
0.41935483870967744	7.0
0.41935483870967744	7.0
0.41935483870967744	9.0
0.41935483870967744	9.0
0.41935483870967744	5.0
0.41935483870967744	8.0
0.41935483870967744	10.0
0.41935483870967744	9.0
0.41935483870967744	8.0
0.41935483870967744	9.0
0.41935483870967744	8.0
0.41935483870967744	10.0
0.41935483870967744	7.0
0.41935483870967744	13.0
0.41935483870967744	10.0
0.41935483870967744	7.0
0.41935483870967744	5.0
0.41935483870967744	7.0
0.41935483870967744	10.0
0.41935483870967744	7.0
0.41935483870967744	8.0
0.41935483870967744	11.0
0.41935483870967744	8.0
0.41935483870967744	8.0
0.4129032258064516	11.0
0.41935483870967744	6.0
0.41935483870967744	8.0
0.41935483870967744	10.0
0.41935483870967744	7.0
0.41935483870967744	8.0
0.41935483870967744	8.0
0.41935483870967744	8.0
0.41935483870967744	8.0
0.41935483870967744	10.0
0.41935483870967744	11.0
0.41935483870967744	7.0
0.41935483870967744	5.0
0.41935483870967744	9.0
0.4129032258064516	10.0
0.41935483870967744	13.0
0.41935483870967744	6.0
0.41935483870967744	9.0
0.4064516129032258	9.0
0.41935483870967744	10.0
0.4064516129032258	8.0
0.4064516129032258	8.0
0.4064516129032258	9.0
0.4096774193548387	10.0
0.4096774193548387	12.0
0.4096774193548387	13.0
0.4129032258064516	6.0
0.4129032258064516	8.0
0.4129032258064516	9.0
0.4129032258064516	10.0
0.4129032258064516	11.0
0.4129032258064516	11.0
0.4129032258064516	12.0
0.4129032258064516	12.0
0.41935483870967744	1.0
0.41935483870967744	1.0
0.41935483870967744	2.0
0.41935483870967744	4.0
0.41935483870967744	4.0
0.41935483870967744	4.0
0.41935483870967744	5.0
0.41935483870967744	5.0
0.41935483870967744	5.0
0.41935483870967744	5.0
0.41935483870967744	5.0
0.41935483870967744	5.0
0.41935483870967744	5.0
0.41935483870967744	5.0
0.41935483870967744	6.0
0.41935483870967744	6.0
0.41935483870967744	6.0
0.41935483870967744	6.0
0.41935483870967744	6.0
0.41935483870967744	6.0
0.41935483870967744	6.0
0.41935483870967744	6.0
0.41935483870967744	6.0
0.41935483870967744	6.0
0.41935483870967744	6.0
0.41935483870967744	7.0
0.41935483870967744	7.0
0.41935483870967744	7.0
0.41935483870967744	7.0
0.41935483870967744	7.0
0.41935483870967744	7.0
0.41935483870967744	7.0
0.41935483870967744	7.0
0.41935483870967744	7.0
0.41935483870967744	7.0
0.41935483870967744	7.0
0.41935483870967744	7.0
0.41935483870967744	7.0
0.41935483870967744	7.0
0.41935483870967744	7.0
0.41935483870967744	7.0
0.41935483870967744	7.0
0.41935483870967744	7.0
0.41935483870967744	7.0
0.41935483870967744	7.0
0.41935483870967744	7.0
0.4064516129032258	7.0
0.4064516129032258	8.0
0.4064516129032258	8.0
0.4064516129032258	8.0
0.4064516129032258	9.0
0.4064516129032258	9.0
0.4064516129032258	10.0
0.4096774193548387	6.0
0.4096774193548387	10.0
0.4096774193548387	10.0
0.4096774193548387	12.0
0.4096774193548387	12.0
0.4096774193548387	13.0
0.4129032258064516	6.0
0.4129032258064516	6.0
0.4129032258064516	6.0
0.4129032258064516	7.0
0.4129032258064516	8.0
0.4129032258064516	9.0
0.4129032258064516	9.0
0.4129032258064516	9.0
0.4129032258064516	9.0
0.4129032258064516	10.0
0.4129032258064516	10.0
0.4129032258064516	11.0
0.4129032258064516	11.0
0.4129032258064516	12.0
0.4129032258064516	12.0
0.4161290322580645	7.0
0.41935483870967744	1.0
0.41935483870967744	1.0
0.41935483870967744	1.0
0.41935483870967744	2.0
0.41935483870967744	2.0
0.41935483870967744	2.0
0.41935483870967744	2.0
0.41935483870967744	2.0
0.41935483870967744	2.0
0.41935483870967744	2.0
0.41935483870967744	2.0
0.41935483870967744	3.0
0.41935483870967744	3.0
0.41935483870967744	3.0
0.41935483870967744	3.0
0.41935483870967744	4.0
0.41935483870967744	4.0
0.41935483870967744	4.0
0.41935483870967744	4.0
0.41935483870967744	4.0
0.41935483870967744	4.0
0.41935483870967744	4.0
0.41935483870967744	4.0
0.41935483870967744	4.0
0.41935483870967744	5.0
0.41935483870967744	5.0
0.41935483870967744	5.0
0.41935483870967744	5.0
0.41935483870967744	5.0
0.41935483870967744	5.0
0.41935483870967744	5.0
0.4064516129032258	3.0
0.4064516129032258	7.0
0.4064516129032258	7.0
0.4064516129032258	7.0
0.4064516129032258	8.0
0.4064516129032258	8.0
0.4064516129032258	8.0
0.4064516129032258	8.0
0.4064516129032258	8.0
0.4064516129032258	9.0
0.4064516129032258	9.0
0.4064516129032258	10.0
0.4064516129032258	11.0
0.4096774193548387	6.0
0.4096774193548387	6.0
0.4096774193548387	6.0
0.4096774193548387	6.0
0.4096774193548387	7.0
0.4096774193548387	7.0
0.4096774193548387	10.0
0.4096774193548387	10.0
0.4096774193548387	10.0
0.4096774193548387	12.0
0.4096774193548387	12.0
0.4096774193548387	12.0
0.4096774193548387	13.0
0.4129032258064516	6.0
0.4129032258064516	6.0
0.4129032258064516	6.0
0.4129032258064516	6.0
0.4129032258064516	6.0
0.4129032258064516	6.0
0.4129032258064516	7.0
0.4129032258064516	7.0
0.4129032258064516	7.0
0.4129032258064516	8.0
0.4129032258064516	8.0
0.4129032258064516	9.0
0.4129032258064516	9.0
0.4129032258064516	9.0
0.4129032258064516	9.0
0.4129032258064516	10.0
0.4129032258064516	10.0
0.4129032258064516	11.0
0.4129032258064516	11.0
0.4129032258064516	12.0
0.4129032258064516	12.0
0.4161290322580645	7.0
0.41935483870967744	1.0
0.41935483870967744	1.0
0.41935483870967744	1.0
0.41935483870967744	1.0
0.41935483870967744	1.0
0.41935483870967744	1.0
0.41935483870967744	1.0
0.41935483870967744	1.0
0.41935483870967744	1.0
0.41935483870967744	2.0
0.41935483870967744	2.0
0.41935483870967744	2.0
0.4064516129032258	3.0
0.4064516129032258	5.0
0.4064516129032258	5.0
0.4064516129032258	5.0
0.4064516129032258	5.0
0.4064516129032258	6.0
0.4064516129032258	7.0
0.4064516129032258	7.0
0.4064516129032258	7.0
0.4064516129032258	7.0
0.4064516129032258	7.0
0.4064516129032258	7.0
0.4064516129032258	7.0
0.4064516129032258	8.0
0.4064516129032258	8.0
0.4064516129032258	8.0
0.4064516129032258	8.0
0.4064516129032258	8.0
0.4064516129032258	8.0
0.4064516129032258	8.0
0.4064516129032258	8.0
0.4064516129032258	8.0
0.4064516129032258	9.0
0.4064516129032258	9.0
0.4064516129032258	9.0
0.4064516129032258	9.0
0.4064516129032258	9.0
0.4064516129032258	10.0
0.4064516129032258	10.0
0.4064516129032258	11.0
0.4096774193548387	5.0
0.4096774193548387	6.0
0.4096774193548387	6.0
0.4096774193548387	6.0
0.4096774193548387	6.0
0.4096774193548387	6.0
0.4096774193548387	6.0
0.4096774193548387	7.0
0.4096774193548387	7.0
0.4096774193548387	7.0
0.4096774193548387	8.0
0.4096774193548387	10.0
0.4096774193548387	10.0
0.4096774193548387	10.0
0.4096774193548387	10.0
0.4096774193548387	11.0
0.4096774193548387	12.0
0.4096774193548387	12.0
0.4096774193548387	12.0
0.4096774193548387	12.0
0.4096774193548387	12.0
0.4096774193548387	12.0
0.4096774193548387	13.0
0.4129032258064516	5.0
0.4129032258064516	6.0
0.4129032258064516	6.0
0.4129032258064516	6.0
0.4129032258064516	6.0
0.4129032258064516	6.0
0.4129032258064516	6.0
0.4064516129032258	3.0
0.41935483870967744	1.0
0.4064516129032258	4.0
0.4096774193548387	3.0
0.41935483870967744	2.0
0.4064516129032258	5.0
0.4064516129032258	5.0
0.4064516129032258	5.0
0.4064516129032258	5.0
0.4064516129032258	5.0
0.4064516129032258	5.0
0.4064516129032258	5.0
0.41935483870967744	3.0
0.41935483870967744	3.0
0.4064516129032258	6.0
0.4096774193548387	5.0
0.4096774193548387	5.0
0.4064516129032258	6.0
0.4064516129032258	6.0
0.4064516129032258	6.0
0.9709677419354839	3.0
0.41935483870967744	4.0
0.41935483870967744	4.0
0.4129032258064516	5.0
0.4129032258064516	5.0
0.4129032258064516	5.0
0.4064516129032258	7.0
0.4064516129032258	7.0
0.4064516129032258	7.0
0.4064516129032258	7.0
0.4064516129032258	7.0
0.4064516129032258	7.0
0.4064516129032258	7.0
0.4096774193548387	6.0
0.4096774193548387	6.0
0.4096774193548387	6.0
0.4096774193548387	6.0
0.4096774193548387	6.0
0.4096774193548387	6.0
0.4064516129032258	7.0
0.4096774193548387	6.0
0.4064516129032258	7.0
0.4096774193548387	6.0
0.4096774193548387	6.0
0.4064516129032258	7.0
0.4096774193548387	6.0
0.4096774193548387	6.0
0.4064516129032258	7.0
0.4258064516129032	4.0
0.4161290322580645	5.0
0.4064516129032258	8.0
0.4064516129032258	8.0
0.4129032258064516	6.0
0.4129032258064516	6.0
0.4096774193548387	7.0
0.4096774193548387	7.0
0.4129032258064516	6.0
0.4129032258064516	6.0
0.4129032258064516	6.0
0.4129032258064516	6.0
0.4064516129032258	3.0
0.41935483870967744	1.0
0.41935483870967744	1.0
0.41935483870967744	1.0
0.4064516129032258	3.0
0.41935483870967744	1.0
0.41935483870967744	1.0
0.4064516129032258	4.0
0.4096774193548387	3.0
0.4096774193548387	3.0
0.4064516129032258	4.0
0.41935483870967744	2.0
0.41935483870967744	2.0
0.41935483870967744	2.0
0.42258064516129035	1.0
0.41935483870967744	2.0
0.41935483870967744	2.0
0.4161290322580645	3.0
0.4064516129032258	5.0
0.4064516129032258	5.0
0.4064516129032258	5.0
0.4064516129032258	5.0
0.4064516129032258	5.0
0.4064516129032258	5.0
0.4064516129032258	5.0
0.4064516129032258	5.0
0.4064516129032258	5.0
0.4064516129032258	5.0
0.4096774193548387	4.0
0.41935483870967744	3.0
0.41935483870967744	3.0
0.41935483870967744	3.0
0.41935483870967744	3.0
0.41935483870967744	3.0
0.41935483870967744	3.0
0.41935483870967744	3.0
0.4064516129032258	6.0
0.4064516129032258	6.0
0.4064516129032258	6.0
0.4064516129032258	6.0
0.4064516129032258	6.0
0.4064516129032258	6.0
0.4064516129032258	6.0
0.4064516129032258	6.0
0.4064516129032258	6.0
0.4064516129032258	6.0
0.4064516129032258	6.0
0.4064516129032258	6.0
0.4064516129032258	6.0
0.4096774193548387	5.0
0.4096774193548387	5.0
0.4096774193548387	5.0
0.4129032258064516	4.0
0.9709677419354839	3.0
0.4064516129032258	7.0
0.4064516129032258	7.0
0.41935483870967744	4.0
0.41935483870967744	4.0
0.4129032258064516	5.0
0.4096774193548387	6.0
0.4064516129032258	3.0
0.41935483870967744	1.0
0.41935483870967744	1.0
0.41935483870967744	1.0
0.4064516129032258	3.0
0.41935483870967744	1.0
0.41935483870967744	1.0
0.3967741935483871	5.0
0.4064516129032258	3.0
0.41935483870967744	1.0
0.41935483870967744	1.0
0.41935483870967744	1.0
0.41935483870967744	1.0
0.41935483870967744	1.0
0.4064516129032258	3.0
0.4064516129032258	3.0
0.41935483870967744	2.0
0.41935483870967744	2.0
0.41935483870967744	2.0
0.42258064516129035	1.0
0.41935483870967744	2.0
0.41935483870967744	2.0
0.41935483870967744	2.0
0.41935483870967744	2.0
0.41935483870967744	2.0
0.41935483870967744	2.0
0.41935483870967744	2.0
0.41935483870967744	2.0
0.41935483870967744	2.0
0.41935483870967744	2.0
0.41935483870967744	2.0
0.41935483870967744	2.0
0.4064516129032258	4.0
0.4096774193548387	3.0
0.4096774193548387	3.0
0.4064516129032258	4.0
0.4096774193548387	3.0
0.4064516129032258	4.0
0.4096774193548387	3.0
0.4064516129032258	4.0
0.4064516129032258	4.0
0.4064516129032258	4.0
0.4064516129032258	4.0
0.4064516129032258	4.0
0.5806451612903226	1.0
0.5806451612903226	1.0
0.4064516129032258	5.0
0.4064516129032258	5.0
0.42258064516129035	2.0
0.42258064516129035	2.0
0.4161290322580645	3.0
0.4161290322580645	3.0
0.4096774193548387	4.0
0.4096774193548387	4.0
0.4161290322580645	3.0
0.4064516129032258	5.0
0.4064516129032258	5.0
0.4064516129032258	5.0
0.4064516129032258	5.0
0.4064516129032258	5.0
0.4064516129032258	3.0
0.41935483870967744	1.0
0.41935483870967744	1.0
0.41935483870967744	1.0
0.4064516129032258	3.0
0.41935483870967744	1.0
0.41935483870967744	1.0
0.3967741935483871	5.0
0.4064516129032258	3.0
0.41935483870967744	1.0
0.41935483870967744	1.0
0.41935483870967744	1.0
0.41935483870967744	1.0
0.41935483870967744	1.0
0.4064516129032258	3.0
0.4064516129032258	3.0
0.41935483870967744	1.0
0.41935483870967744	1.0
0.4064516129032258	3.0
0.41935483870967744	1.0
0.41935483870967744	1.0
0.41935483870967744	1.0
0.41935483870967744	1.0
0.41935483870967744	1.0
0.41935483870967744	1.0
0.4064516129032258	3.0
0.41935483870967744	1.0
0.41935483870967744	1.0
0.4064516129032258	3.0
0.41935483870967744	1.0
0.41935483870967744	1.0
0.4064516129032258	3.0
0.3967741935483871	7.0
0.42258064516129035	1.0
0.4064516129032258	4.0
0.41935483870967744	2.0
0.4096774193548387	3.0
0.4064516129032258	4.0
0.41935483870967744	2.0
0.4096774193548387	3.0
0.41935483870967744	2.0
0.41935483870967744	2.0
0.41935483870967744	2.0
0.41935483870967744	2.0
0.41935483870967744	2.0
0.41935483870967744	2.0
0.41935483870967744	2.0
0.41935483870967744	2.0
0.41935483870967744	2.0
0.41935483870967744	2.0
0.41935483870967744	2.0
0.41935483870967744	2.0
0.41935483870967744	2.0
0.41935483870967744	2.0
0.41935483870967744	2.0
0.41935483870967744	2.0
0.41935483870967744	2.0
0.41935483870967744	2.0
0.41935483870967744	2.0
0.41935483870967744	2.0
0.41935483870967744	1.0
0.41935483870967744	1.0
0.41935483870967744	1.0
0.41935483870967744	1.0
0.41935483870967744	1.0
0.41935483870967744	1.0
0.41935483870967744	1.0
0.41935483870967744	1.0
0.41935483870967744	1.0
0.41935483870967744	1.0
0.41935483870967744	1.0
0.41935483870967744	1.0
0.41935483870967744	1.0
0.41935483870967744	1.0
0.41935483870967744	1.0
0.41935483870967744	1.0
0.41935483870967744	1.0
0.41935483870967744	1.0
0.41935483870967744	1.0
0.41935483870967744	1.0
0.41935483870967744	1.0
0.41935483870967744	1.0
0.41935483870967744	1.0
0.41935483870967744	1.0
0.41935483870967744	1.0
0.41935483870967744	1.0
0.41935483870967744	1.0
0.41935483870967744	1.0
0.41935483870967744	1.0
0.41935483870967744	1.0
0.41935483870967744	1.0
0.3967741935483871	3.0
0.41935483870967744	1.0
0.41935483870967744	1.0
0.41935483870967744	1.0
0.41935483870967744	1.0
0.41935483870967744	1.0
0.4064516129032258	2.0
0.41935483870967744	1.0
0.41935483870967744	1.0
0.41935483870967744	1.0
0.41935483870967744	1.0
0.41935483870967744	1.0
0.3967741935483871	5.0
0.3967741935483871	5.0
0.42258064516129035	1.0
0.4064516129032258	3.0
0.41935483870967744	2.0
0.4064516129032258	3.0
0.41935483870967744	2.0
0.4064516129032258	3.0
0.4064516129032258	3.0
0.4064516129032258	3.0
0.4064516129032258	3.0
0.4064516129032258	3.0
0.4064516129032258	3.0
0.4064516129032258	3.0
0.4064516129032258	3.0
0.4064516129032258	3.0
0.4064516129032258	3.0
